{
    "Jacc25%": 0.1006878206553249, 
    "Jacc75%": 0.1006878206553249, 
    "JaccMax": 0.1006878206553249, 
    "JaccMean": 0.1006878206553249, 
    "JaccMedian": 0.1006878206553249, 
    "JaccMin": 0.1006878206553249, 
    "JaccStdev": 0.0, 
    "JaccVar": 0.0
}
{
    "Attr25%": 0.14495434069163485, 
    "Attr75%": 0.14495434069163485, 
    "AttrMax": 0.14495434069163485, 
    "AttrMean": 0.14495434069163485, 
    "AttrMedian": 0.14495434069163485, 
    "AttrMin": 0.14495434069163485, 
    "AttrStdev": 0.0, 
    "AttrVar": 0.0
}
{
    "Rati25%": 0.11426087969672787, 
    "Rati75%": 0.11426087969672787, 
    "RatiMax": 0.11426087969672787, 
    "RatiMean": 0.11426087969672787, 
    "RatiMedian": 0.11426087969672787, 
    "RatiMin": 0.11426087969672787, 
    "RatiStdev": 0.0, 
    "RatiVar": 0.0
}
{"Attribute": [0.14495434069163485], "Jaccard": [0.1006878206553249], "Rating": [0.11426087969672787]}