{
    "Jacc25%": 0.15028091769450974, 
    "Jacc75%": 0.17982161300356581, 
    "JaccMax": 0.19459196065809387, 
    "JaccMean": 0.16505126534903777, 
    "JaccMedian": 0.16505126534903777, 
    "JaccMin": 0.13551057003998168, 
    "JaccStdev": 0.029540695309056092, 
    "JaccVar": 0.00087265267934248864
}
{
    "Attr25%": 0.19900858123121151, 
    "Attr75%": 0.20419280663730027, 
    "AttrMax": 0.20678491934034468, 
    "AttrMean": 0.20160069393425589, 
    "AttrMedian": 0.20160069393425589, 
    "AttrMin": 0.1964164685281671, 
    "AttrStdev": 0.0051842254060887882, 
    "AttrVar": 2.6876193061136463e-05
}
{
    "Rati25%": 0.17121931818017769, 
    "Rati75%": 0.19729782199391085, 
    "RatiMax": 0.21033707390077747, 
    "RatiMean": 0.18425857008704427, 
    "RatiMedian": 0.18425857008704427, 
    "RatiMin": 0.15818006627331108, 
    "RatiStdev": 0.026078503813733195, 
    "RatiVar": 0.00068008836116289681
}
{"Attribute": [0.20678491934034468, 0.1964164685281671], "Jaccard": [0.13551057003998168, 0.19459196065809387], "Rating": [0.15818006627331108, 0.21033707390077747]}